500
500
500
500
500
500
500
500
500
80.4815
98.3048
106.392
116.817
127.798
141.715
164.46
174.079
176.315
151.539
216.044
226.68
246.325
272.167
293.482
321.515
348.215
362.193
370.224
383.015
388.56
400.271
407.381
419.527
428.266
435.936
441.071
445.888
456.945
470.541
477.863
485.563
493.761
524.112
591.967
642.615
681.847
722.29
765.636
811.158
858.963
892.48
937.533
982.692
1029.33
1104.77
1199.57
1302.96
1386.39
1476.11
1560.23
1752.1
1844.81
1972.38
2154.99
2374.75
2636.47
2948
500
500
500
