19.0418
19.0418
19.0418
19.0418
19.0418
19.0418
19.0418
19.0418
19.0418
19.0418
38.4226
46.9944
58.4483
70.8717
85.9051
111.175
121.645
123.999
95.5975
166.68
179.079
201.364
230.58
254.475
286.317
315.336
330.263
339.093
353.391
359.229
372.129
380.314
394.081
404.055
412.711
418.586
423.672
436.253
451.921
460.182
468.565
477.41
488.089
499.816
555.65
598.298
642.147
690.699
740.534
792.927
829.616
879.235
929.386
963.153
1004.49
1107.28
1221.23
1310.89
1403.96
1525.62
1647.27
1746.88
1885.13
2032.52
2273.79
2492.54
2831.17
2831.17
2831.17
2831.17
