2022.93
2022.93
2022.93
2022.93
2022.93
2022.93
2022.93
2022.93
2022.93
2022.93
2121.8
2168.16
2221.56
2228.25
2232.86
2274.96
2323.77
2344.5
2352.67
2483.4
2558.32
2512.64
2588.81
2652.23
2726.35
2807.65
2861.88
2925.15
2985.19
3073.4
3124.19
3178.91
3232.95
3271.57
3315.28
3348.45
3382.71
3406.53
3444.06
3469.85
3515.91
3546.62
3603.04
3628.84
3686.82
3790.94
3855.35
3905.61
3979.58
4010.81
4097.98
4194.8
4274.23
4349.63
4427.05
4515.05
4575.14
4660.1
4718.31
4789.84
4861.37
4959.24
5033.28
5102.31
5169.65
5231.76
5293.41
5293.41
5293.41
5293.41
