1410.59
1410.59
1410.59
1410.59
1410.59
1410.59
1410.59
1410.59
1410.59
1410.59
1440.61
1465.76
1480.74
1490.77
1523.75
2435.03
1582.02
1611.91
1618.81
1744.59
1757.75
1759.22
1802.18
1827.61
1862.84
1907.48
1947.66
1981.09
2020.08
2097.21
2173.36
2216.86
2269.35
2328.82
2366.9
2407.97
2458.77
2496.68
2581.25
2642.9
2706.1
2756.32
2810.38
2851.08
2904.94
2970.92
3029.25
3084.03
3153.18
3212.65
3276.18
3361.24
3437.17
3537.77
3623.64
3744.12
3841.85
3954.48
4061.21
4227.08
4392.94
4477.92
4617.49
4746.28
4880.58
5000.25
5113.09
5113.09
5113.09
5113.09
