500
500
500
500
500
500
500
500
500
172.641
188.128
195.487
204.369
213.187
225.43
244.387
252.73
254.79
235.451
290.089
298.081
313.766
334.547
351.992
374.313
397.535
410.089
416.921
427.452
432.556
442.485
447.981
457.696
464.581
470.775
474.798
479.212
487.984
498.471
529.446
574.159
621.797
676.465
731.617
773.063
807.17
842.504
878.041
917.093
958.017
986.775
1050.62
1130.18
1189.39
1255.2
1338
1425.55
1499.65
1643.17
1723.62
1909.34
1991.71
2165.8
2338.7
2547.89
2861.86
3147.29
500
500
500
