500
500
500
500
500
500
500
500
500
418.4
427.657
433.076
437.842
440.891
448.67
457.526
462.466
464.055
459.215
487.543
488.483
493.609
504.517
541.516
582.124
650.17
688.816
707.258
734.073
754.295
782.761
800.69
830.469
856.836
879.664
896.116
917.492
948.923
984.191
1009.02
1061.05
1114.71
1165.83
1212.63
1251.47
1291.63
1331.03
1366
1402.53
1439.37
1472.89
1561.97
1689.23
1778.68
1853.97
1942.42
2038.67
2160.72
2273.26
2349.26
2613.9
2754.61
2918.79
3119.81
3339.36
3567.43
3898.59
500
500
500
