0.59938	6.53461	8.14095	5.93454	6.92354	10.2765	10.8498	0.118683	
3.74361	9.70772	16.7528	8.92116	18.757	14.6503	17.2268	9.77866	
15.2564	21.262	26.6763	24.0925	19.2089	22.7084	21.52	12.1419	
19.5001	21.5807	24.6405	31.8902	23.6792	30.3067	17.7141	19.9809	
20.501	21.8241	24.8005	28.6068	31.1348	29.5251	24.8264	26.2202	
19.0435	24.0941	31.0023	28.8726	30.3412	28.3273	25.1647	26.3748	
16.7661	27.5022	24.547	32.5308	36.4367	28.4629	20.265	21.9766	
8.71406	29.371	28.7329	29.0947	31.0189	25.5749	27.7318	21.8464	
17.3382	19.9354	31.3627	32.4211	28.5988	26.0804	17.1384	17.821	
18.1761	19.4474	24.2187	24.279	22.8293	17.3273	18.2243	17.4503	
9.11524	11.5445	19.219	20.8383	11.4072	12.0717	18.3902	9.53329	
5.3262	3.51382	13.5535	13.5012	7.84839	14.5687	11.1957	0	
