5.15594	8.30871	16.4296	12.9142	8.82086	21.1505	10.1903	0	
9.61687	17.9353	27.2765	20.6286	23.9223	17.2285	22.2133	11.2493	
26.0621	24.8372	29.6456	37.4138	29.9927	30.0728	24.4562	17.714	
23.671	33.2539	33.4375	43.0095	29.2509	39.8659	26.389	24.5009	
32.3763	34.2384	37.0994	39.5618	37.5918	37.3786	31.5167	29.603	
26.5035	35.1569	37.6161	36.5236	42.1582	38.9498	39.3459	32.104	
28.4507	37.6001	35.4081	42.8156	45.3784	32.4143	33.209	28.0298	
21.0796	37.704	40.2758	38.3685	35.1847	34.5114	35.1212	26.5339	
23.7373	27.2291	41.2219	39.5377	41.0169	32.6711	28.8169	32.0443	
25.7122	29.1582	32.1978	32.2496	33.2499	26.6942	26.5596	21.508	
9.75339	18.2264	27.6156	22.7902	17.8313	17.1236	21.8683	13.0994	
10.9847	9.98603	14.118	14.7277	14.3432	11.4136	12.0883	4.23984	
