4.41917	5.37461	9.43991	7.72394	7.4359	11.2709	11.1298	4.36958	
5.01499	11.4193	14.8085	11.3284	14.8188	12.2359	14.3319	9.99871	
16.1754	20.0433	20.5141	22.6382	14.6169	19.4458	20.294	12.7079	
17.8128	20.9939	19.8432	25.34	21.3559	21.9523	17.4993	15.2756	
19.6501	21.5599	24.4252	23.3293	27.5824	25.6096	23.2773	21.1629	
19.0908	21.4844	25.3459	26.3951	24.6525	24.5012	23.3651	22.4427	
16.7027	23.1968	22.1639	27.275	29.9177	24.39	19.057	22.0618	
11.8157	26.2645	23.5932	26.8055	24.547	22.0674	24.2548	20.131	
14.5513	18.198	25.6694	27.6876	25.6253	21.7014	19.5921	15.9835	
17.5357	15.8487	18.6188	21.7261	21.2737	17.405	17.6828	14.6523	
7.19477	10.7692	16.5181	17.8613	14.0759	11.8593	16.8527	11.9194	
7.12748	6.16615	12.6145	12.7641	13.0996	11.2197	10.8337	0	
