5.55262	5.54941	12.1208	9.83715	8.81727	18.0041	8.8044	8.35702	
13.6864	12.3582	20.9036	16.5231	20.3321	15.1066	15.8032	18.3248	
24.0851	24.4296	33.3911	32.5868	25.1115	27.9216	22.4949	15.4574	
27.6541	31.7515	31.4976	38.6207	34.7017	36.9399	28.6787	28.9487	
27.255	28.5371	37.8821	35.1358	40.22	37.4396	29.6229	23.6804	
22.7703	31.0639	41.7363	34.2931	36.2007	31.7975	33.9183	30.1306	
24.8492	34.23	36.3586	42.4536	44.9398	34.5526	30.9978	27.509	
16.5863	38.4777	39.1409	36.9801	37.7234	30.3964	34.9612	31.015	
21.4598	26.0766	35.9702	37.0037	37.6541	31.7247	26.4203	23.1454	
29.9643	26.2612	27.4981	25.1974	30.5156	22.9233	28.0898	19.8726	
9.97308	12.6568	27.6839	20.7532	20.5809	14.6493	23.0141	13.8471	
7.36286	9.25775	12.9222	16.5745	14.9544	10.2206	15.9113	0	
