26000 26000 26000 26000 26000 26000 26000 26000
26000 26000 26000 26000 26000 26000 26000 26000
26000 26000 26000 26000 26000 26000 26000 26000
26000 26000 26000 26000 26000 26000 26000 26000
26000 26000 26000 26000 26000 26000 26000 26000
26000 26000 26000 26000 26000 26000 26000 26000
26000 26000 26000 26000 26000 26000 26000 26000
26000 26000 26000 26000 26000 26000 26000 26000
26000 26000 26000 26000 26000 26000 26000 26000
26000 26000 26000 26000 26000 26000 26000 26000
26000 26000 26000 26000 26000 26000 26000 26000
26000 26000 26000 26000 26000 26000 26000 26000
