7.28792	20.6099	38.2769	37.0212	9.76171	34.5047	30.328	10.4428	
20.9622	41.0052	52.8869	36.9675	60.564	49.4557	49.0048	28.6592	
61.8913	71.8702	66.0225	88.3198	71.41	73.0853	60.2817	40.5944	
72.2085	74.9369	80.2922	103.309	87.5251	86.4621	62.4345	51.0912	
68.9365	73.5036	75.6084	94.3532	106.57	107.399	101.069	91.6553	
61.0665	94.2645	102.114	110.447	93.5454	95.9108	90.994	81.0144	
78.0408	102.255	93.9324	104.362	117.929	90.2574	70.2395	89.2651	
39.1723	100.366	97.5778	97.7047	98.7736	84.5403	84.189	79.4251	
55.2246	72.2934	96.474	105.451	85.9096	81.8546	55.42	49.231	
66.5315	63.3443	75.9549	79.861	82.1877	68.7639	61.1246	41.3133	
34.8626	33.4767	57.1619	48.958	57.5445	35.3363	49.9323	40.2233	
25.0116	1.28816	34.9577	44.9662	41.2332	37.3518	35.4583	0	
