2.40115	11.5454	16.3356	12.2238	12.5158	15.8121	14.9782	2.9227	
6.78165	16.4541	26.9844	16.8654	23.6951	18.7094	26.3917	19.4736	
31.4492	31.6004	37.5046	39.4148	29.6824	33.2625	30.3857	15.5732	
28.8931	36.0399	33.4372	44.8753	36.2008	40.5495	29.7538	28.146	
35.2741	37.153	41.0078	45.8911	46.5956	46.2005	42.8709	35.4165	
30.5548	40.1316	46.8726	41.527	42.5414	43.3649	40.6107	38.1218	
32.0361	40.2213	44.0014	47.9321	47.8606	39.9273	31.6135	37.7928	
20.2602	44.7706	43.6077	45.1873	41.7814	34.3983	38.907	30.9434	
27.7767	33.7216	39.8622	45.0827	37.9463	41.4026	27.3325	26.3757	
26.2693	28.292	28.8082	34.6863	35.437	28.1239	29.5913	22.6265	
14.1764	20.0972	28.2563	30.1168	22.82	17.4341	25.6345	16.0528	
6.8838	3.73099	18.595	16.9373	16.6621	15.5395	16.7602	0	
