0	8.16804	32.0771	20.8739	22.6074	26.777	32.3496	0.0924764	
22.234	30.4421	49.7171	36.7379	46.1537	36.9394	42.8083	29.4375	
54.5651	54.2786	62.8949	66.4066	40.3089	58.9486	46.9437	30.098	
54.3338	60.6376	55.852	72.8724	66.6051	67.9146	45.1896	48.4988	
53.9106	57.0203	66.7827	71.8006	74.8137	76.4414	62.2592	59.1151	
49.2952	69.69	77.2229	70.5115	68.5646	72.2286	63.1128	60.1175	
56.0376	60.8782	63.5563	73.9235	80.1577	66.8486	62.021	65.6406	
33.8718	74.1365	69.5411	72.0145	62.059	71.9777	68.1423	56.243	
50.8868	55.6044	75.6121	70.3722	67.2098	62.6601	49.5168	46.1045	
53.7613	53.4625	53.7015	60.853	62.0418	51.7708	52.7075	41.7876	
26.2342	25.1123	51.4125	51.2336	33.104	25.0094	52.7075	26.8794	
19.1252	3.90174	31.7899	33.5089	32.7207	32.6345	31.2239	8.48266	
