500
500
500
500
500
500
500
500
500
479.839
487.539
492.473
496.211
497.817
520.613
550.334
570.18
577.346
568.116
666.563
670.434
688.245
714.932
743.443
773.469
820.118
848.267
862.937
884.985
903.827
927.303
945.382
971.847
997.486
1041.68
1075.68
1115.97
1166.1
1220.93
1253.1
1292.93
1332.38
1369.4
1402.94
1432.32
1463.99
1493.72
1549.72
1617.73
1695.31
1775.17
1877.93
1975.38
2050.97
2128.77
2234.94
2334.84
2430.24
2542.4
2643.99
2923.28
3055.16
3216.48
3385.16
3609.35
3905.29
4219.29
500
500
500
