500
500
500
500
500
500
500
500
500
326.24
337.834
343.98
350.29
355.502
364.955
377.599
383.815
385.581
375.304
413.497
417.082
426.168
438.513
449.509
462.309
479.734
489.915
494.749
507.704
529.996
565.947
583.653
618.401
645.861
671.948
689.747
713.123
751.986
798.814
826.286
859.063
894.04
930.387
964.368
990.476
1033.09
1087
1134.6
1188.88
1243.47
1285.71
1345.96
1407.1
1456.16
1513.36
1646.78
1768.55
1867.07
1949.38
1995.94
2295.47
2397.56
2529.75
2765.07
3011.21
3274.32
3496.38
500
500
500
