500
500
500
500
500
500
500
500
500
842.61
857.658
868.387
882.241
889.192
905.85
922.46
940.625
948.097
945.228
1002.18
1021.94
1049.08
1087.93
1132.07
1172.14
1226.9
1268.75
1298.93
1335.48
1371.24
1407.24
1437.24
1467.07
1497.98
1537.79
1577.68
1617.82
1661.26
1721.69
1764.59
1811.27
1854.94
1892.36
1937.65
1982.08
2041.17
2132.2
2209.95
2297.44
2371.43
2441.37
2509.4
2613.79
2705.71
2796.69
2902.8
2996.7
3130.07
3248.29
3314.42
3533.22
3678.79
3861.42
4060.52
4308.56
4537.22
4752.45
500
500
500
