500
500
500
500
500
500
500
500
500
550.246
580.813
600.134
615.886
622.924
649.026
674.376
693.662
700.93
693.82
777.956
782.85
797.964
820.139
844.407
869.142
905.091
927.992
940.777
960.441
978.594
999.574
1047.72
1108.02
1161.99
1200.76
1230.17
1262.98
1302.03
1347.59
1375.14
1408.87
1441.21
1471.19
1498.09
1553.86
1617.44
1680.01
1739
1804.2
1877.59
1950.95
2051.61
2165.22
2239.71
2309.18
2400.89
2482.92
2616.31
2758.19
2839.26
3104.24
3234.13
3374.07
3534.4
3815.13
4096.41
4394.74
500
500
500
