500
500
500
500
500
500
500
500
500
696.428
719.236
734.261
749.063
756.058
777.438
798.418
817.144
824.514
819.524
889.349
895.266
907.682
925.346
945.37
964.815
990.065
1023.72
1057.7
1108.15
1154.61
1203.02
1242.48
1287.55
1329.98
1359.84
1384.66
1410
1437.96
1474.26
1497.17
1554.87
1611.8
1663.84
1716.61
1767.97
1819.18
1875.08
1928.28
1990.67
2091.83
2184.9
2278.69
2364.78
2428.46
2489.58
2615.66
2733.15
2857.45
2973.98
3047.24
3311.06
3413.11
3560.46
3790.25
4028.47
4315.84
4572.13
500
500
500
