500
500
500
500
500
500
500
500
500
203.361
218.069
225.186
233.553
241.65
253.335
271.03
278.947
280.948
263.421
314.771
321.881
336.247
355.34
371.496
391.912
413.975
426.054
432.486
442.264
447.222
456.556
461.515
470.419
476.686
482.388
486.041
490.32
498.33
551.643
588.814
631.14
676.245
727.249
778.168
816.545
848.944
882.575
915.509
952.405
991.035
1036.14
1109.69
1185.57
1242.75
1305.34
1384.15
1466.41
1572.88
1704.41
1778.08
1961.75
2068.36
2235.86
2399.94
2640.2
2937
3217.11
500
500
500
