500
500
500
500
500
500
500
500
500
111.201
128.246
136.09
146.001
156.261
169.62
191.102
200.296
202.473
179.509
240.725
250.48
268.806
292.96
312.985
339.115
364.655
378.158
385.79
397.827
403.226
414.342
420.914
432.25
440.371
447.549
452.313
456.996
467.291
479.851
486.704
494.063
512.899
574.896
638.517
686.098
723.621
762.361
803.104
846.47
891.981
923.912
966.682
1019.42
1082.69
1154.92
1245.71
1343.82
1424.15
1520.69
1614.69
1804.51
1893.77
2025.69
2216.23
2425.23
2711.6
3007.66
500
500
500
