500
500
500
500
500
500
500
500
500
387.68
397.716
403.378
408.658
412.428
420.765
430.884
436.249
437.897
431.245
462.861
464.683
471.129
480.1
488.516
497.508
565.197
609.09
629.419
658.616
679.528
710.49
728.345
759.779
786.511
810.425
827.326
849.369
883.278
922.399
945.022
973.024
1005.87
1064.05
1117.47
1161.04
1205.45
1249.69
1288.86
1331.31
1374.07
1410.5
1464.1
1546.16
1650.74
1740.43
1843.87
1937.56
2025.97
2147.54
2229.87
2476.18
2609.56
2789.11
2989.14
3229.97
3447.86
3763.39
500
500
500
