500
500
500
500
500
500
500
500
500
988.792
996.08
1008.57
1049.88
1070.48
1108.75
1146.61
1188.09
1210.28
1208.46
1329.35
1343.05
1358.55
1390.72
1419.85
1444.41
1483.85
1523.84
1568.67
1610.3
1657.81
1707.3
1744.88
1784.37
1824.43
1855.6
1884.17
1921.65
1957.94
1999.93
2068.85
2134.03
2196.2
2247.68
2312.51
2374.05
2438.23
2499.8
2570.02
2659.24
2727.84
2798.76
2879.96
2966.76
3052.72
3150.96
3261.56
3353.38
3448.19
3553.38
3643.01
3917.52
4033.58
4214.62
4396.45
4591.5
4768.73
4932.77
500
500
500
