500
500
500
500
500
500
500
500
500
264.8
277.951
284.583
291.922
298.576
309.145
324.314
331.381
333.264
319.362
364.134
369.482
381.207
396.927
410.502
427.111
446.854
457.985
463.618
471.888
476.553
484.698
488.582
495.864
505.211
533.47
552.168
576.878
620.694
675.229
707.55
745.101
785.143
828.818
871.268
903.51
932.493
962.718
990.446
1046.44
1112.87
1160.93
1227.83
1296.33
1349.45
1405.62
1476.44
1599.54
1719.97
1826.9
1887.01
2114.77
2232.96
2375.96
2541
2824.83
3100.78
3356.75
500
500
500
