500
500
500
500
500
500
500
500
500
449.119
457.598
462.775
467.027
469.354
476.575
484.169
488.683
490.213
487.186
555.17
558.019
578.527
609.724
642.48
677.797
735.144
768.541
785.098
809.529
829.061
855.032
873.036
901.158
927.161
948.903
964.905
985.615
1030.17
1094.26
1131.06
1176.99
1223.54
1267.62
1307.78
1341.89
1377.81
1412.37
1443.13
1473.75
1513.03
1599.4
1719.95
1832.31
1906.61
1967.5
2068.98
2186.75
2295.48
2398.98
2468.65
2768.59
2899.65
3058.9
3252.49
3448.74
3736.36
4043.85
500
500
500
