500
500
500
500
500
500
500
500
500
141.921
158.187
165.789
175.185
184.724
197.525
217.745
226.513
228.631
207.48
265.407
274.28
291.286
313.754
332.489
356.714
381.095
394.124
401.355
412.639
417.891
428.413
434.448
444.973
452.476
459.162
463.556
468.104
477.637
489.161
495.544
517.178
567.348
625.681
685.067
729.58
765.396
802.433
840.573
881.781
924.999
955.343
995.831
1074.8
1136.04
1205.06
1291.86
1384.68
1461.9
1581.93
1669.15
1856.93
1942.74
2095.75
2277.46
2475.71
2786.73
3077.48
500
500
500
