500
500
500
500
500
500
500
500
500
234.081
248.01
254.885
262.737
270.113
281.24
297.672
305.164
307.106
291.392
339.452
345.681
358.727
376.133
390.999
409.512
430.414
442.019
448.052
457.076
461.887
470.627
475.048
483.142
488.792
494.001
497.283
508.755
555.049
613.436
648.182
688.12
730.694
778.034
824.718
860.028
890.719
922.647
952.978
987.717
1047.57
1098.53
1168.76
1240.95
1296.1
1355.48
1430.3
1515.03
1646.43
1765.66
1832.55
2024.42
2150.66
2305.91
2461.17
2732.52
3014.01
3286.93
500
500
500
