500
500
500
500
500
500
500
500
500
356.96
367.775
373.679
379.474
383.965
392.86
404.241
410.032
411.739
403.274
438.179
440.883
448.648
459.306
469.013
479.908
496.174
529.365
551.579
583.16
604.762
638.218
655.999
689.09
716.186
741.187
758.537
781.246
817.632
860.606
885.654
916.044
948.489
981.172
1022.32
1070.62
1119.27
1168.35
1211.73
1260.1
1308.77
1348.1
1405.03
1462.48
1522.81
1626.9
1745.33
1853.06
1940.62
2021.81
2110.48
2385.83
2479.86
2659.43
2877.1
3120.59
3361.09
3628.19
500
500
500
