49.7617
49.7617
49.7617
49.7617
49.7617
49.7617
49.7617
49.7617
49.7617
49.7617
68.3637
76.693
87.6325
99.3347
113.81
137.818
147.862
150.157
123.568
191.362
202.879
223.845
251.374
273.978
303.916
331.775
346.228
354.659
368.203
373.895
386.2
393.847
406.804
416.16
424.324
429.828
434.78
446.599
461.231
469.022
477.064
485.585
495.898
545.417
599.133
640.073
682.218
728.167
775.846
825.945
861.048
908.384
956.039
988.561
1054.63
1153.42
1262.1
1348.64
1440.04
1569.86
1699.69
1795.84
1928.76
2093.76
2324.27
2561.34
2889.59
2889.59
2889.59
2889.59
